image: map_012.png
resolution: 0.050000
origin: [0.0000,0.0000, 0.0000]
#origin: [6.60000,-4.350000, 1.650000]
 #[4.900000,-6.200000, 1.650000]
negate: 0
occupied_thresh: 0.65
free_thresh: 0.196

